                            1110                           1  11      
                        01111111110                       10 11       
                       0111111111110                    010 110 1     
                       111111001  01                    001  1111     
                       101 11 01   1                  000100010       
                       1 01101 1  00                  0000 11101      
                      11011100 1001                 0 10 11 000       
                 111 11 11110    0                  01  1 011         
           0100  00 0 10011111011                 0 0 010001111       
         00    1  0000 111100110 00              0 0 0 1 110          
       01          11011  1 0 10   1             01 1 10 110 1        
       0       0 00 01100 1 111 1              0000 101011101         
      0 1      11   001100  0110  0  10         00  1 001 0           
     1 01       10   100101 1110  0   0      0 100  010001 00         
    1 00       1 1 0 00101100 110 00   1    1 0 00  1 001011          
    1 0          00   110 1011  0 0   0 1  110   11 110 1             
   0 100      10  00    00010 11  0000  001 00  01 000110 1           
   1 10         11 10  1010 0  0100  1   0 11 1100 1 11111            
  1 00  0  00010010100  001 0 1 110000 0101000100 1 101               
  0 0   111 1   0      111110   110    01101111 01 0011               
 1  0 11100        1       1010001001000110111101011111   00          
00  01111001    0 0  00   1111111111101011100 010100110 0   1         
1 01111011011000   111        110  1 111        00  01 10  0 1        
1000010 111111111  0            011110  110010 000   00 0000  0       
110  1    0010    1 0   0        011   11111101   011    111   0      
1  01 0  1 01     10001 0         1 0    11110  01        010  0      
 1  00 01100   0  1111 0         1010 01 001  000         010   1     
  10  00 00    0   110 1   0      11 101 0   10          1 111      11
   1111110    00  111001    0     01        00000 00 001001100   1  00
   00 00 11  01   001111    01     01 0  0 100010010 0000110010   1   
  10   01 01 01    10111    01      1100 001100000 010010110010   01  
  0100 00111011000  000    0000      1100010000101101111100101111110  
      111111111111  010    01111111  1110111011111111111011111110     
                00000100  00111111100111111100111100  000000111011110 
                                                                      
